packages/avoca/avoca-0.11.4.tar.gz/avoca-0.11.4/data/CH0001G.20240219123300.20240307132229.online_gc.NMHC.air.16d.61mn.CH01L_Agilent_GC-MS-MEDUSA_Medusa-12_JFJ.CH01L_gc_ms.lev0.nas
95 1001
Constantin, Lionel; Vollmer, Martin K.; Reimann, Stefan
CH01L, Swiss Federal Laboratories for Materials Science and Technology, EMPA, Laboratory for Air Pollution, Ueberlandstrasse 129, , 8600, Duebendorf, Switzerland
Constantin, Lionel
ACTRIS
1 1
2024 01 01 2024 03 07
0
days from file reference point
49
1 1 1 1 1 1 1 1 1 1 1 1 1 1 1 1 1 1 1 1 1 1 1 1 1 1 1 1 1 1 1 1 1 1 1 1 1 1 1 1 1 1 1 1 1 1 1 1 1
99.999999 9999999 9.999999999 99.99 9.999999999 99999.9 9.999999999 9999999.9 9.999999999 999999.99 9.999999999 99999.99 9.999999999 99999999 9.999999999 99.99 9.999999999 99999.9 9.999999999 9999999 9.999999999 99.99 9.999999999 99999.9 9.999999999 99999999 9.999999999 99.99 9.999999999 99999.9 9.999999999 999999.9 9.999999999 9999999.99 9.999999999 99999.99 9.999999999 9999999 9.999999999 99.99 9.999999999 99999.9 9.999999999 99999999 9.999999999 99.99 9.999999999 99999.9 9.999999999
end_time of measurement, days from the file reference point
2-methylbutane_peak_area, area_unit
numflag 2-methylbutane_peak_area, no unit
2-methylbutane_peak_width, s, Matrix=air, Inlet type=Hat or hood, Flow rate=10 l/min
numflag 2-methylbutane_peak_width, no unit, Matrix=air, Inlet type=Hat or hood, Flow rate=10 l/min
2-methylbutane_retention_time, s
numflag 2-methylbutane_retention_time, no unit
2-methylpropane_peak_area, area_unit
numflag 2-methylpropane_peak_area, no unit
2-methylpropane_peak_width, s, Matrix=air, Inlet type=Hat or hood, Flow rate=10 l/min
numflag 2-methylpropane_peak_width, no unit, Matrix=air, Inlet type=Hat or hood, Flow rate=10 l/min
2-methylpropane_retention_time, s
numflag 2-methylpropane_retention_time, no unit
benzene_peak_area, area_unit
numflag benzene_peak_area, no unit
benzene_peak_width, s, Matrix=air, Inlet type=Hat or hood, Flow rate=10 l/min
numflag benzene_peak_width, no unit, Matrix=air, Inlet type=Hat or hood, Flow rate=10 l/min
benzene_retention_time, s
numflag benzene_retention_time, no unit
ethane_peak_area, area_unit
numflag ethane_peak_area, no unit
ethane_peak_width, s, Matrix=air, Inlet type=Hat or hood, Flow rate=10 l/min
numflag ethane_peak_width, no unit, Matrix=air, Inlet type=Hat or hood, Flow rate=10 l/min
ethane_retention_time, s
numflag ethane_retention_time, no unit
n-butane_peak_area, area_unit
numflag n-butane_peak_area, no unit
n-butane_peak_width, s, Matrix=air, Inlet type=Hat or hood, Flow rate=10 l/min
numflag n-butane_peak_width, no unit, Matrix=air, Inlet type=Hat or hood, Flow rate=10 l/min
n-butane_retention_time, s
numflag n-butane_retention_time, no unit
n-pentane_peak_area, area_unit
numflag n-pentane_peak_area, no unit
n-pentane_peak_width, s, Matrix=air, Inlet type=Hat or hood, Flow rate=10 l/min
numflag n-pentane_peak_width, no unit, Matrix=air, Inlet type=Hat or hood, Flow rate=10 l/min
n-pentane_retention_time, s
numflag n-pentane_retention_time, no unit
propane_peak_area, area_unit
numflag propane_peak_area, no unit
propane_peak_width, s, Matrix=air, Inlet type=Hat or hood, Flow rate=10 l/min
numflag propane_peak_width, no unit, Matrix=air, Inlet type=Hat or hood, Flow rate=10 l/min
propane_retention_time, s
numflag propane_retention_time, no unit
toluene_peak_area, area_unit
numflag toluene_peak_area, no unit
toluene_peak_width, s, Matrix=air, Inlet type=Hat or hood, Flow rate=10 l/min
[...]
Originator:                   Reimann, Stefan, stefan.reimann@empa.ch, Swiss Federal Laboratories for Materials Science and Technology, EMPA, Laboratory for Air Pollution, Ueberlandstrasse 129, , 8600, Duebendorf, Switzerland
Submitter:                    Constantin, Lionel, lionel.constantin@empa.ch, Swiss Federal Laboratories for Materials Science and Technology, EMPA, Laboratory for Air Pollution, Ueberlandstrasse 129, , 8600, Duebendorf, Switzerland
Acknowledgement:              "Data used in this <study/report/figure/etc.> were accessed from EBAS (https://ebas.nilu.no) hosted by NILU. Specifically, the use included data affiliated with the framework: ACTRIS."
starttime endtime 2-methylbutane_pa flag_2-methylbutane_pa 2-methylbutane_pw flag_2-methylbutane_pw 2-methylbutane_rt flag_2-methylbutane_rt 2-methylpropane_pa flag_2-methylpropane_pa 2-methylpropane_pw flag_2-methylpropane_pw 2-methylpropane_rt flag_2-methylpropane_rt benzene_pa flag_benzene_pa benzene_pw flag_benzene_pw benzene_rt flag_benzene_rt ethane_pa flag_ethane_pa ethane_pw flag_ethane_pw ethane_rt flag_ethane_rt n-butane_pa flag_n-butane_pa n-butane_pw flag_n-butane_pw n-butane_rt flag_n-butane_rt n-pentane_pa flag_n-pentane_pa n-pentane_pw flag_n-pentane_pw n-pentane_rt flag_n-pentane_rt propane_pa flag_propane_pa propane_pw flag_propane_pw propane_rt flag_propane_rt toluene_pa flag_toluene_pa toluene_pw flag_toluene_pw toluene_rt flag_toluene_rt
[from data line 32]
51.065972 51.079861   14206 0.000000000  1.77 0.000000000  1384.3 0.000000000   25060.0 0.000000000      2.16 0.000000000  1286.50 0.000000000   308799 0.000000000  1.94 0.000000000  1481.1 0.000000000  206472 0.000000000  1.91 0.000000000  1079.5 0.000000000   129825 0.000000000  1.44 0.000000000  1304.3 0.000000000   4152.0 0.000000000       1.32 0.000000000  1395.50 0.000000000  132274 0.000000000  1.68 0.000000000  1193.4 0.000000000    24338 0.000000000  4.42 0.000000000  1622.9 0.000000000
51.145833 51.159722   86931 0.683000000  1.80 0.683000000  1384.3 0.683000000   39871.0 0.683000000      2.19 0.683000000  1286.50 0.683000000   422902 0.683000000  1.86 0.683000000  1481.1 0.683000000  203787 0.683000000  1.87 0.683000000  1079.5 0.683000000   195085 0.683000000  1.45 0.683000000  1304.3 0.683000000  31084.0 0.683000000       1.32 0.683000000  1395.50 0.683000000  123193 0.683000000  1.63 0.683000000  1193.4 0.683000000  1810924 0.683000000  4.33 0.683000000  1622.0 0.683000000
51.188194 51.202083   14495 0.000000000  1.82 0.000000000  1384.3 0.000000000   25525.0 0.000000000      2.13 0.000000000  1286.50 0.000000000   307470 0.000000000  1.86 0.000000000  1481.2 0.000000000  215470 0.000000000  1.92 0.000000000  1079.5 0.000000000   136151 0.000000000  1.49 0.000000000  1304.2 0.000000000   4543.0 0.000000000       1.34 0.000000000  1395.50 0.000000000  140628 0.000000000  1.63 0.000000000  1193.4 0.000000000    38019 0.000000000  4.39 0.000000000  1622.8 0.000000000
51.230556 51.244444   15254 0.000000000  1.78 0.000000000  1384.3 0.000000000   26589.0 0.000000000      2.16 0.000000000  1286.50 0.000000000   309877 0.000000000  1.92 0.000000000  1481.2 0.000000000  219346 0.000000000  1.93 0.000000000  1079.5 0.000000000   142974 0.000000000  1.47 0.000000000  1304.3 0.000000000   4671.0 0.000000000       1.39 0.000000000  1395.50 0.000000000  145810 0.000000000  1.62 0.000000000  1193.4 0.000000000    23684 0.000000000  4.38 0.000000000  1622.8 0.000000000
51.272917 51.286806   87236 0.683000000  1.81 0.683000000  1384.3 0.683000000   40239.0 0.683000000      2.10 0.683000000  1286.50 0.683000000   421662 0.683000000  1.92 0.683000000  1481.2 0.683000000  203937 0.683000000  1.90 0.683000000  1079.6 0.683000000   196080 0.683000000  1.43 0.683000000  1304.3 0.683000000  31301.0 0.683000000       1.39 0.683000000  1395.50 0.683000000  122590 0.683000000  1.67 0.683000000  1193.4 0.683000000  1813091 0.683000000  4.21 0.683000000  1621.9 0.683000000
51.315278 51.329167   15222 0.000000000  1.79 0.000000000  1384.3 0.000000000   26386.0 0.000000000      2.13 0.000000000  1286.50 0.000000000   316908 0.000000000  1.94 0.000000000  1481.1 0.000000000  215123 0.000000000  1.90 0.000000000  1079.5 0.000000000   138316 0.000000000  1.44 0.000000000  1304.2 0.000000000   4532.0 0.000000000       1.36 0.000000000  1395.50 0.000000000  141743 0.000000000  1.64 0.000000000  1193.4 0.000000000    38179 0.000000000  4.12 0.000000000  1622.8 0.000000000
51.357639 51.371528   15663 0.000000000  1.83 0.000000000  1384.3 0.000000000   26987.0 0.000000000      2.15 0.000000000  1286.50 0.000000000   308561 0.000000000  1.95 0.000000000  1481.2 0.000000000  214690 0.000000000  1.89 0.000000000  1079.5 0.000000000   139430 0.000000000  1.44 0.000000000  1304.2 0.000000000   4556.0 0.000000000       1.25 0.000000000  1395.50 0.000000000  142050 0.000000000  1.62 0.000000000  1193.4 0.000000000    24510 0.000000000  4.34 0.000000000  1622.8 0.000000000
51.437500 51.451389   86940 0.683000000  1.82 0.683000000  1384.3 0.683000000   39867.0 0.683000000      2.18 0.683000000  1286.50 0.683000000   419056 0.683000000  1.91 0.683000000  1481.1 0.683000000  203647 0.683000000  1.88 0.683000000  1079.4 0.683000000   195677 0.683000000  1.44 0.683000000  1304.2 0.683000000  31120.0 0.683000000       1.34 0.683000000  1395.50 0.683000000  122451 0.683000000  1.62 0.683000000  1193.3 0.683000000  1806796 0.683000000  4.22 0.683000000  1622.0 0.683000000
51.479861 51.493750   16698 0.000000000  1.80 0.000000000  1384.3 0.000000000   27529.0 0.000000000      2.13 0.000000000  1286.50 0.000000000   297089 0.000000000  1.90 0.000000000  1481.1 0.000000000  218474 0.000000000  1.90 0.000000000  1079.5 0.000000000   149793 0.000000000  1.45 0.000000000  1304.2 0.000000000   5204.0 0.000000000       1.37 0.000000000  1395.50 0.000000000  148467 0.000000000  1.66 0.000000000  1193.3 0.000000000    38925 0.000000000  4.38 0.000000000  1622.8 0.000000000
51.522222 51.536111   17182 0.000000000  1.82 0.000000000  1384.3 0.000000000   27936.0 0.000000000      2.18 0.000000000  1286.50 0.000000000   297296 0.000000000  1.90 0.000000000  1481.1 0.000000000  218901 0.000000000  1.89 0.000000000  1079.4 0.000000000   153846 0.000000000  1.46 0.000000000  1304.2 0.000000000   5409.0 0.000000000       1.31 0.000000000  1395.50 0.000000000  149647 0.000000000  1.62 0.000000000  1193.3 0.000000000    24605 0.000000000  4.39 0.000000000  1622.9 0.000000000
51.564583 51.578472   86396 0.683000000  1.83 0.683000000  1384.3 0.683000000   39773.0 0.683000000      2.16 0.683000000  1286.50 0.683000000   420275 0.683000000  1.92 0.683000000  1481.1 0.683000000  202631 0.683000000  1.91 0.683000000  1079.4 0.683000000   194805 0.683000000  1.43 0.683000000  1304.2 0.683000000  31124.0 0.683000000       1.36 0.683000000  1395.50 0.683000000  121954 0.683000000  1.66 0.683000000  1193.3 0.683000000  1800544 0.683000000  4.17 0.683000000  1622.1 0.683000000
51.606944 51.620833   19050 0.000000000  1.81 0.000000000  1384.3 0.000000000   30428.0 0.000000000      2.22 0.000000000  1286.50 0.000000000   310884 0.000000000  1.93 0.000000000  1481.1 0.000000000  221303 0.000000000  1.89 0.000000000  1079.4 0.000000000   164953 0.000000000  1.45 0.000000000  1304.2 0.000000000   5972.0 0.000000000       1.31 0.000000000  1395.50 0.000000000  155847 0.000000000  1.64 0.000000000  1193.3 0.000000000    42122 0.000000000  4.18 0.000000000  1622.8 0.000000000
51.649306 51.663194   20244 0.000000000  1.81 0.000000000  1384.3 0.000000000   28395.0 0.000000000      2.18 0.000000000  1286.50 0.000000000   300690 0.000000000  1.90 0.000000000  1481.1 0.000000000  214335 0.000000000  1.90 0.000000000  1079.4 0.000000000   155061 0.000000000  1.45 0.000000000  1304.2 0.000000000   5404.0 0.000000000       1.32 0.000000000  1395.50 0.000000000  143282 0.000000000  1.62 0.000000000  1193.3 0.000000000    27901 0.000000000  4.43 0.000000000  1622.9 0.000000000
51.729167 51.743056   87035 0.683000000  1.85 0.683000000  1384.3 0.683000000   40060.0 0.683000000      2.12 0.683000000  1286.50 0.683000000   418201 0.683000000  1.86 0.683000000  1481.2 0.683000000  202223 0.683000000  1.90 0.683000000  1079.5 0.683000000   195511 0.683000000  1.43 0.683000000  1304.3 0.683000000  31277.0 0.683000000       1.34 0.683000000  1395.50 0.683000000  122172 0.683000000  1.60 0.683000000  1193.4 0.683000000  1805051 0.683000000  4.25 0.683000000  1622.1 0.683000000
51.771528 51.785417   18012 0.000000000  1.82 0.000000000  1384.3 0.000000000   28260.0 0.000000000      2.17 0.000000000  1286.50 0.000000000   301154 0.000000000  1.88 0.000000000  1481.2 0.000000000  214301 0.000000000  1.92 0.000000000  1079.5 0.000000000   152198 0.000000000  1.45 0.000000000  1304.3 0.000000000   5378.0 0.000000000       1.33 0.000000000  1395.50 0.000000000  145815 0.000000000  1.62 0.000000000  1193.4 0.000000000    47088 0.000000000  4.32 0.000000000  1623.0 0.000000000
51.813889 51.827778   16944 0.000000000  1.80 0.000000000  1384.4 0.000000000   26777.0 0.000000000      2.22 0.000000000  1286.60 0.000000000   277844 0.000000000  1.88 0.000000000  1481.2 0.000000000  209316 0.000000000  1.91 0.000000000  1079.5 0.000000000   145586 0.000000000  1.44 0.000000000  1304.3 0.000000000   5238.0 0.000000000       1.32 0.000000000  1395.60 0.000000000  139985 0.000000000  1.65 0.000000000  1193.4 0.000000000    31468 0.000000000  4.45 0.000000000  1623.0 0.000000000
51.856250 51.870139   86810 0.683000000  1.83 0.683000000  1384.3 0.683000000   40085.0 0.683000000      2.18 0.683000000  1286.50 0.683000000   421093 0.683000000  1.96 0.683000000  1481.3 0.683000000  202021 0.683000000  1.88 0.683000000  1079.4 0.683000000   194617 0.683000000  1.41 0.683000000  1304.3 0.683000000  30892.0 0.683000000       1.37 0.683000000  1395.50 0.683000000  122008 0.683000000  1.61 0.683000000  1193.4 0.683000000  1803365 0.683000000  4.20 0.683000000  1622.2 0.683000000
51.898611 51.912500   10622 0.000000000  1.80 0.000000000  1384.3 0.000000000   17940.0 0.000000000      2.13 0.000000000  1286.50 0.000000000   208959 0.000000000  1.90 0.000000000  1481.3 0.000000000  169580 0.000000000  1.90 0.000000000  1079.5 0.000000000    97017 0.000000000  1.43 0.000000000  1304.3 0.000000000   3203.0 0.000000000       1.31 0.000000000  1395.60 0.000000000  100264 0.000000000  1.66 0.000000000  1193.4 0.000000000    38112 0.000000000  4.37 0.000000000  1623.2 0.000000000
51.940972 51.954861    9692 0.000000000  1.82 0.000000000  1384.3 0.000000000   16358.0 0.000000000      2.07 0.000000000  1286.50 0.000000000   196248 0.000000000  1.92 0.000000000  1481.3 0.000000000  162779 0.000000000  1.90 0.000000000  1079.5 0.000000000    87607 0.000000000  1.41 0.000000000  1304.3 0.000000000   2940.0 0.000000000       1.39 0.000000000  1395.50 0.000000000   93138 0.000000000  1.63 0.000000000  1193.4 0.000000000    20570 0.000000000  4.47 0.000000000  1623.1 0.000000000
52.020833 52.034722   85850 0.683000000  1.87 0.683000000  1384.3 0.683000000   39443.0 0.683000000      2.17 0.683000000  1286.50 0.683000000   417455 0.683000000  1.95 0.683000000  1481.2 0.683000000  201610 0.683000000  1.88 0.683000000  1079.5 0.683000000   193080 0.683000000  1.41 0.683000000  1304.3 0.683000000  30750.0 0.683000000       1.38 0.683000000  1395.60 0.683000000  121362 0.683000000  1.64 0.683000000  1193.4 0.683000000  1786736 0.683000000  4.20 0.683000000  1622.3 0.683000000
52.063194 52.077083    5489 0.000000000  1.82 0.000000000  1384.3 0.000000000    9694.0 0.000000000      2.20 0.000000000  1286.50 0.000000000   149009 0.000000000  1.95 0.000000000  1481.3 0.000000000  133932 0.000000000  1.88 0.000000000  1079.5 0.000000000    52926 0.000000000  1.44 0.000000000  1304.3 0.000000000   1607.0 0.000000000       1.36 0.000000000  1395.50 0.000000000   63350 0.000000000  1.63 0.000000000  1193.3 0.000000000    33802 0.000000000  4.27 0.000000000  1623.2 0.000000000
52.105556 52.119444    6712 0.000000000  1.76 0.000000000  1384.3 0.000000000   12712.0 0.000000000      2.18 0.000000000  1286.50 0.000000000   164409 0.000000000  1.94 0.000000000  1481.2 0.000000000  142542 0.000000000  1.90 0.000000000  1079.4 0.000000000    61358 0.000000000  1.46 0.000000000  1304.2 0.000000000   1985.0 0.000000000       1.32 0.000000000  1395.50 0.000000000   70405 0.000000000  1.62 0.000000000  1193.3 0.000000000    22245 0.000000000  4.34 0.000000000  1623.2 0.000000000
52.147917 52.161806   85429 0.683000000  1.78 0.683000000  1384.1 0.683000000   39371.0 0.683000000      2.17 0.683000000  1286.30 0.683000000   412560 0.683000000  1.96 0.683000000  1481.0 0.683000000  200591 0.683000000  1.88 0.683000000  1079.3 0.683000000   192945 0.683000000  1.47 0.683000000  1304.0 0.683000000  30852.0 0.683000000       1.36 0.683000000  1395.40 0.683000000  121047 0.683000000  1.61 0.683000000  1193.2 0.683000000  1778591 0.683000000  4.37 0.683000000  1622.1 0.683000000
52.854942 52.868831 9999999 0.683999000 99.99 0.683999000 99999.9 0.683999000 9999999.9 0.683900999 999999.99 0.683900999 99999.99 0.683900999 99999999 0.683900999 99.99 0.683900999 99999.9 0.683900999 9999999 0.683900999 99.99 0.683900999 99999.9 0.683900999 99999999 0.683900999 99.99 0.683900999 99999.9 0.683900999 999999.9 0.683900999 9999999.99 0.683900999 99999.99 0.683900999 9999999 0.683900999 99.99 0.683900999 99999.9 0.683900999 99999999 0.683900999 99.99 0.683900999 99999.9 0.683900999
52.982025 52.995914 9999999 0.683999000 99.99 0.683999000 99999.9 0.683999000 9999999.9 0.683900999 999999.99 0.683900999 99999.99 0.683900999 99999999 0.683900999 99.99 0.683900999 99999.9 0.683900999 9999999 0.683900999 99.99 0.683900999 99999.9 0.683900999 99999999 0.683900999 99.99 0.683900999 99999.9 0.683900999 999999.9 0.683900999 9999999.99 0.683900999 99999.99 0.683900999 9999999 0.683900999 99.99 0.683900999 99999.9 0.683900999 99999999 0.683900999 99.99 0.683900999 99999.9 0.683900999
53.104248 53.118137 9999999 0.683999000 99.99 0.683999000 99999.9 0.683999000 9999999.9 0.683900999 999999.99 0.683900999 99999.99 0.683900999 99999999 0.683900999 99.99 0.683900999 99999.9 0.683900999 9999999 0.683900999 99.99 0.683900999 99999.9 0.683900999 99999999 0.683900999 99.99 0.683900999 99999.9 0.683900999 999999.9 0.683900999 9999999.99 0.683900999 99999.99 0.683900999 9999999 0.683900999 99.99 0.683900999 99999.9 0.683900999 99999999 0.683900999 99.99 0.683900999 99999.9 0.683900999
53.146609 53.160498 9999999 0.999000000 99.99 0.999000000 99999.9 0.999000000 9999999.9 0.900999000 999999.99 0.900999000 99999.99 0.900999000 99999999 0.900999000 99.99 0.900999000 99999.9 0.900999000 9999999 0.900999000 99.99 0.900999000 99999.9 0.900999000 99999999 0.900999000 99.99 0.900999000 99999.9 0.900999000 999999.9 0.900999000 9999999.99 0.900999000 99999.99 0.900999000 9999999 0.900999000 99.99 0.900999000 99999.9 0.900999000 99999999 0.900999000 99.99 0.900999000 99999.9 0.900999000
53.188970 53.202859 9999999 0.999000000 99.99 0.999000000 99999.9 0.999000000 9999999.9 0.900999000 999999.99 0.900999000 99999.99 0.900999000 99999999 0.900999000 99.99 0.900999000 99999.9 0.900999000 9999999 0.900999000 99.99 0.900999000 99999.9 0.900999000 99999999 0.900999000 99.99 0.900999000 99999.9 0.900999000 999999.9 0.900999000 9999999.99 0.900999000 99999.99 0.900999000 9999999 0.900999000 99.99 0.900999000 99999.9 0.900999000 99999999 0.900999000 99.99 0.900999000 99999.9 0.900999000
53.231331 53.245220 9999999 0.683999000 99.99 0.683999000 99999.9 0.683999000 9999999.9 0.683900999 999999.99 0.683900999 99999.99 0.683900999 99999999 0.683900999 99.99 0.683900999 99999.9 0.683900999 9999999 0.683900999 99.99 0.683900999 99999.9 0.683900999 99999999 0.683900999 99.99 0.683900999 99999.9 0.683900999 999999.9 0.683900999 9999999.99 0.683900999 99999.99 0.683900999 9999999 0.683900999 99.99 0.683900999 99999.9 0.683900999 99999999 0.683900999 99.99 0.683900999 99999.9 0.683900999
53.273692 53.287581 9999999 0.999000000 99.99 0.999000000 99999.9 0.999000000 9999999.9 0.900999000 999999.99 0.900999000 99999.99 0.900999000 99999999 0.900999000 99.99 0.900999000 99999.9 0.900999000 9999999 0.900999000 99.99 0.900999000 99999.9 0.900999000 99999999 0.900999000 99.99 0.900999000 99999.9 0.900999000 999999.9 0.900999000 9999999.99 0.900999000 99999.99 0.900999000 9999999 0.900999000 99.99 0.900999000 99999.9 0.900999000 99999999 0.900999000 99.99 0.900999000 99999.9 0.900999000
53.316053 53.329942 9999999 0.999000000 99.99 0.999000000 99999.9 0.999000000 9999999.9 0.900999000 999999.99 0.900999000 99999.99 0.900999000 99999999 0.900999000 99.99 0.900999000 99999.9 0.900999000 9999999 0.900999000 99.99 0.900999000 99999.9 0.900999000 99999999 0.900999000 99.99 0.900999000 99999.9 0.900999000 999999.9 0.900999000 9999999.99 0.900999000 99999.99 0.900999000 9999999 0.900999000 99.99 0.900999000 99999.9 0.900999000 99999999 0.900999000 99.99 0.900999000 99999.9 0.900999000
