packages/avoca/avoca-0.11.4.tar.gz/avoca-0.11.4/data/CH0001G.20240219123300.20240307132229.online_gc.NMHC.air.16d.61mn.CH01L_Agilent_GC-MS-MEDUSA_Medusa-12_JFJ.CH01L_gc_ms.lev0.nas
95 1001
Constantin, Lionel; Vollmer, Martin K.; Reimann, Stefan
CH01L, Swiss Federal Laboratories for Materials Science and Technology, EMPA, Laboratory for Air Pollution, Ueberlandstrasse 129, , 8600, Duebendorf, Switzerland
Constantin, Lionel
ACTRIS
1 1
2024 01 01 2024 03 07
0
days from file reference point
49
1 1 1 1 1 1 1 1 1 1 1 1 1 1 1 1 1 1 1 1 1 1 1 1 1 1 1 1 1 1 1 1 1 1 1 1 1 1 1 1 1 1 1 1 1 1 1 1 1
99.999999 9999999 9.999999999 99.99 9.999999999 99999.9 9.999999999 9999999.9 9.999999999 999999.99 9.999999999 99999.99 9.999999999 99999999 9.999999999 99.99 9.999999999 99999.9 9.999999999 9999999 9.999999999 99.99 9.999999999 99999.9 9.999999999 99999999 9.999999999 99.99 9.999999999 99999.9 9.999999999 999999.9 9.999999999 9999999.99 9.999999999 99999.99 9.999999999 9999999 9.999999999 99.99 9.999999999 99999.9 9.999999999 99999999 9.999999999 99.99 9.999999999 99999.9 9.999999999
end_time of measurement, days from the file reference point
2-methylbutane_peak_area, area_unit
numflag 2-methylbutane_peak_area, no unit
2-methylbutane_peak_width, s, Matrix=air, Inlet type=Hat or hood, Flow rate=10 l/min
numflag 2-methylbutane_peak_width, no unit, Matrix=air, Inlet type=Hat or hood, Flow rate=10 l/min
2-methylbutane_retention_time, s
numflag 2-methylbutane_retention_time, no unit
2-methylpropane_peak_area, area_unit
numflag 2-methylpropane_peak_area, no unit
2-methylpropane_peak_width, s, Matrix=air, Inlet type=Hat or hood, Flow rate=10 l/min
numflag 2-methylpropane_peak_width, no unit, Matrix=air, Inlet type=Hat or hood, Flow rate=10 l/min
2-methylpropane_retention_time, s
numflag 2-methylpropane_retention_time, no unit
benzene_peak_area, area_unit
numflag benzene_peak_area, no unit
benzene_peak_width, s, Matrix=air, Inlet type=Hat or hood, Flow rate=10 l/min
numflag benzene_peak_width, no unit, Matrix=air, Inlet type=Hat or hood, Flow rate=10 l/min
benzene_retention_time, s
numflag benzene_retention_time, no unit
ethane_peak_area, area_unit
numflag ethane_peak_area, no unit
ethane_peak_width, s, Matrix=air, Inlet type=Hat or hood, Flow rate=10 l/min
numflag ethane_peak_width, no unit, Matrix=air, Inlet type=Hat or hood, Flow rate=10 l/min
ethane_retention_time, s
numflag ethane_retention_time, no unit
n-butane_peak_area, area_unit
numflag n-butane_peak_area, no unit
n-butane_peak_width, s, Matrix=air, Inlet type=Hat or hood, Flow rate=10 l/min
numflag n-butane_peak_width, no unit, Matrix=air, Inlet type=Hat or hood, Flow rate=10 l/min
n-butane_retention_time, s
numflag n-butane_retention_time, no unit
n-pentane_peak_area, area_unit
numflag n-pentane_peak_area, no unit
n-pentane_peak_width, s, Matrix=air, Inlet type=Hat or hood, Flow rate=10 l/min
numflag n-pentane_peak_width, no unit, Matrix=air, Inlet type=Hat or hood, Flow rate=10 l/min
n-pentane_retention_time, s
numflag n-pentane_retention_time, no unit
propane_peak_area, area_unit
numflag propane_peak_area, no unit
propane_peak_width, s, Matrix=air, Inlet type=Hat or hood, Flow rate=10 l/min
numflag propane_peak_width, no unit, Matrix=air, Inlet type=Hat or hood, Flow rate=10 l/min
propane_retention_time, s
numflag propane_retention_time, no unit
toluene_peak_area, area_unit
numflag toluene_peak_area, no unit
toluene_peak_width, s, Matrix=air, Inlet type=Hat or hood, Flow rate=10 l/min
[...]
Originator:                   Reimann, Stefan, stefan.reimann@empa.ch, Swiss Federal Laboratories for Materials Science and Technology, EMPA, Laboratory for Air Pollution, Ueberlandstrasse 129, , 8600, Duebendorf, Switzerland
Submitter:                    Constantin, Lionel, lionel.constantin@empa.ch, Swiss Federal Laboratories for Materials Science and Technology, EMPA, Laboratory for Air Pollution, Ueberlandstrasse 129, , 8600, Duebendorf, Switzerland
Acknowledgement:              "Data used in this <study/report/figure/etc.> were accessed from EBAS (https://ebas.nilu.no) hosted by NILU. Specifically, the use included data affiliated with the framework: ACTRIS."
starttime endtime 2-methylbutane_pa flag_2-methylbutane_pa 2-methylbutane_pw flag_2-methylbutane_pw 2-methylbutane_rt flag_2-methylbutane_rt 2-methylpropane_pa flag_2-methylpropane_pa 2-methylpropane_pw flag_2-methylpropane_pw 2-methylpropane_rt flag_2-methylpropane_rt benzene_pa flag_benzene_pa benzene_pw flag_benzene_pw benzene_rt flag_benzene_rt ethane_pa flag_ethane_pa ethane_pw flag_ethane_pw ethane_rt flag_ethane_rt n-butane_pa flag_n-butane_pa n-butane_pw flag_n-butane_pw n-butane_rt flag_n-butane_rt n-pentane_pa flag_n-pentane_pa n-pentane_pw flag_n-pentane_pw n-pentane_rt flag_n-pentane_rt propane_pa flag_propane_pa propane_pw flag_propane_pw propane_rt flag_propane_rt toluene_pa flag_toluene_pa toluene_pw flag_toluene_pw toluene_rt flag_toluene_rt
[from data line 224]
62.314676 62.328565  237160 0.683000000  1.85 0.683000000  1384.5 0.683000000  117579.0 0.683000000      2.16 0.683000000  1286.70 0.683000000   976233 0.683000000  1.98 0.683000000  1481.6 0.683000000  633192 0.683000000  1.94 0.683000000  1079.6 0.683000000   585576 0.683000000  1.41 0.683000000  1304.4 0.683000000  84254.0 0.683000000       1.32 0.683000000  1395.80 0.683000000  367906 0.683000000  1.62 0.683000000  1193.5 0.683000000  4128470 0.683000000  4.26 0.683000000  1623.1 0.683000000
62.357037 62.370926  135214 0.000000000  1.79 0.000000000  1384.5 0.000000000  179801.0 0.000000000      2.14 0.000000000  1286.60 0.000000000  1088947 0.000000000  1.95 0.000000000  1481.6 0.000000000  898007 0.000000000  1.91 0.000000000  1079.5 0.000000000   894383 0.000000000  1.45 0.000000000  1304.4 0.000000000  38095.0 0.000000000       1.34 0.000000000  1395.80 0.000000000  719647 0.000000000  1.65 0.000000000  1193.5 0.000000000   394472 0.000000000  4.45 0.000000000  1623.9 0.000000000
62.399398 62.413287  122207 0.000000000  1.90 0.000000000  1384.5 0.000000000  166659.0 0.000000000      2.18 0.000000000  1286.60 0.000000000  1069099 0.000000000  1.94 0.000000000  1481.6 0.000000000  871468 0.000000000  1.94 0.000000000  1079.5 0.000000000   845656 0.000000000  1.47 0.000000000  1304.4 0.000000000  35503.0 0.000000000       1.36 0.000000000  1395.70 0.000000000  689192 0.000000000  1.67 0.000000000  1193.4 0.000000000   317137 0.000000000  4.34 0.000000000  1623.9 0.000000000
62.479259 62.493148  238395 0.683000000  1.82 0.683000000  1384.5 0.683000000  117695.0 0.683000000      2.13 0.683000000  1286.70 0.683000000   983653 0.683000000  1.92 0.683000000  1481.6 0.683000000  634330 0.683000000  1.92 0.683000000  1079.5 0.683000000   585010 0.683000000  1.46 0.683000000  1304.5 0.683000000  85282.0 0.683000000       1.37 0.683000000  1395.70 0.683000000  370307 0.683000000  1.64 0.683000000  1193.5 0.683000000  4147326 0.683000000  4.27 0.683000000  1623.1 0.683000000
62.521620 62.535509  154420 0.000000000  1.86 0.000000000  1384.5 0.000000000  213630.0 0.000000000      2.18 0.000000000  1286.70 0.000000000  1137562 0.000000000  1.98 0.000000000  1481.6 0.000000000  941350 0.000000000  1.92 0.000000000  1079.5 0.000000000  1132091 0.000000000  1.46 0.000000000  1304.4 0.000000000  42339.0 0.000000000       1.35 0.000000000  1395.70 0.000000000  777416 0.000000000  1.62 0.000000000  1193.4 0.000000000   443190 0.000000000  4.52 0.000000000  1623.9 0.000000000
62.563981 62.577870  156928 0.000000000  1.77 0.000000000  1384.5 0.000000000  221847.0 0.000000000      2.16 0.000000000  1286.60 0.000000000  1143620 0.000000000  1.92 0.000000000  1481.6 0.000000000  946086 0.000000000  1.91 0.000000000  1079.5 0.000000000  1182559 0.000000000  1.44 0.000000000  1304.4 0.000000000  41773.0 0.000000000       1.38 0.000000000  1395.70 0.000000000  779022 0.000000000  1.65 0.000000000  1193.4 0.000000000   424582 0.000000000  4.41 0.000000000  1623.9 0.000000000
62.606343 62.620231  239547 0.683000000  1.82 0.683000000  1384.5 0.683000000  118234.0 0.683000000      2.10 0.683000000  1286.60 0.683000000   985369 0.683000000  1.92 0.683000000  1481.5 0.683000000  634648 0.683000000  1.92 0.683000000  1079.5 0.683000000   587076 0.683000000  1.43 0.683000000  1304.4 0.683000000  85094.0 0.683000000       1.34 0.683000000  1395.70 0.683000000  370466 0.683000000  1.62 0.683000000  1193.4 0.683000000  4152828 0.683000000  4.43 0.683000000  1623.2 0.683000000
62.648704 62.662593  166556 0.000000000  1.86 0.000000000  1384.5 0.000000000  236905.0 0.000000000      2.14 0.000000000  1286.60 0.000000000  1179281 0.000000000  1.97 0.000000000  1481.5 0.000000000  964080 0.000000000  1.95 0.000000000  1079.5 0.000000000  1232826 0.000000000  1.45 0.000000000  1304.4 0.000000000  43972.0 0.000000000       1.38 0.000000000  1395.70 0.000000000  797689 0.000000000  1.64 0.000000000  1193.4 0.000000000   544219 0.000000000  4.34 0.000000000  1623.8 0.000000000
62.691065 62.704954  153981 0.000000000  1.83 0.000000000  1384.5 0.000000000  229216.0 0.000000000      2.16 0.000000000  1286.60 0.000000000  1141211 0.000000000  1.95 0.000000000  1481.5 0.000000000  964384 0.000000000  1.90 0.000000000  1079.5 0.000000000  1229542 0.000000000  1.46 0.000000000  1304.4 0.000000000  40996.0 0.000000000       1.37 0.000000000  1395.70 0.000000000  797425 0.000000000  1.66 0.000000000  1193.4 0.000000000   435360 0.000000000  4.38 0.000000000  1623.8 0.000000000
62.770938 62.784826  239275 0.683000000  1.81 0.683000000  1384.5 0.683000000  117239.0 0.683000000      2.16 0.683000000  1286.70 0.683000000   983489 0.683000000  2.01 0.683000000  1481.5 0.683000000  632086 0.683000000  1.93 0.683000000  1079.6 0.683000000   586449 0.683000000  1.45 0.683000000  1304.4 0.683000000  85567.0 0.683000000       1.33 0.683000000  1395.80 0.683000000  370451 0.683000000  1.65 0.683000000  1193.5 0.683000000  4158548 0.683000000  4.34 0.683000000  1623.0 0.683000000
62.813299 62.827188  143655 0.000000000  1.83 0.000000000  1384.5 0.000000000  208162.0 0.000000000      2.14 0.000000000  1286.70 0.000000000  1082841 0.000000000  1.94 0.000000000  1481.6 0.000000000  933935 0.000000000  1.91 0.000000000  1079.5 0.000000000  1160746 0.000000000  1.46 0.000000000  1304.4 0.000000000  37297.0 0.000000000       1.31 0.000000000  1395.70 0.000000000  755035 0.000000000  1.66 0.000000000  1193.5 0.000000000   425662 0.000000000  4.45 0.000000000  1623.9 0.000000000
62.855660 62.869549  137584 0.000000000  1.83 0.000000000  1384.5 0.000000000  207630.0 0.000000000      2.19 0.000000000  1286.70 0.000000000  1069331 0.000000000  1.95 0.000000000  1481.5 0.000000000  931939 0.000000000  1.93 0.000000000  1079.5 0.000000000  1181086 0.000000000  1.47 0.000000000  1304.4 0.000000000  35592.0 0.000000000       1.35 0.000000000  1395.80 0.000000000  746495 0.000000000  1.64 0.000000000  1193.4 0.000000000   358448 0.000000000  4.35 0.000000000  1623.8 0.000000000
62.898021 62.911910  240140 0.683000000  1.80 0.683000000  1384.5 0.683000000  117728.0 0.683000000      2.15 0.683000000  1286.60 0.683000000   986110 0.683000000  1.91 0.683000000  1481.5 0.683000000  633254 0.683000000  1.91 0.683000000  1079.5 0.683000000   588707 0.683000000  1.46 0.683000000  1304.4 0.683000000  85550.0 0.683000000       1.34 0.683000000  1395.70 0.683000000  371332 0.683000000  1.64 0.683000000  1193.4 0.683000000  4175820 0.683000000  4.21 0.683000000  1623.0 0.683000000
62.940382 62.954271  114878 0.000000000  1.83 0.000000000  1384.6 0.000000000  186756.0 0.000000000      2.19 0.000000000  1286.70 0.000000000   958087 0.000000000  1.88 0.000000000  1481.5 0.000000000  880580 0.000000000  1.91 0.000000000  1079.6 0.000000000  1120858 0.000000000  1.46 0.000000000  1304.4 0.000000000  30246.0 0.000000000       1.34 0.000000000  1395.70 0.000000000  678307 0.000000000  1.63 0.000000000  1193.5 0.000000000   294240 0.000000000  4.42 0.000000000  1623.8 0.000000000
62.982743 62.996632  126216 0.000000000  1.83 0.000000000  1384.5 0.000000000  192199.0 0.000000000      2.21 0.000000000  1286.70 0.000000000   994280 0.000000000  1.89 0.000000000  1481.5 0.000000000  881539 0.000000000  1.93 0.000000000  1079.5 0.000000000  1119269 0.000000000  1.46 0.000000000  1304.4 0.000000000  31098.0 0.000000000       1.32 0.000000000  1395.70 0.000000000  701586 0.000000000  1.67 0.000000000  1193.4 0.000000000   298951 0.000000000  4.28 0.000000000  1623.7 0.000000000
63.062604 63.076493  239092 0.683000000  1.85 0.683000000  1384.5 0.683000000  118015.0 0.683000000      2.21 0.683000000  1286.60 0.683000000   986019 0.683000000  1.84 0.683000000  1481.5 0.683000000  633109 0.683000000  1.91 0.683000000  1079.5 0.683000000   586688 0.683000000  1.45 0.683000000  1304.4 0.683000000  85645.0 0.683000000       1.36 0.683000000  1395.70 0.683000000  371084 0.683000000  1.64 0.683000000  1193.5 0.683000000  4171817 0.683000000  4.26 0.683000000  1623.0 0.683000000
63.104965 63.118854  112527 0.000000000  1.81 0.000000000  1384.5 0.000000000  179646.0 0.000000000      2.15 0.000000000  1286.60 0.000000000   945633 0.000000000  1.93 0.000000000  1481.6 0.000000000  845200 0.000000000  1.91 0.000000000  1079.5 0.000000000  1067777 0.000000000  1.45 0.000000000  1304.4 0.000000000  28664.0 0.000000000       1.33 0.000000000  1395.70 0.000000000  650410 0.000000000  1.67 0.000000000  1193.5 0.000000000   306753 0.000000000  4.47 0.000000000  1623.7 0.000000000
63.147326 63.161215  113978 0.000000000  1.81 0.000000000  1384.5 0.000000000  173683.0 0.000000000      2.20 0.000000000  1286.60 0.000000000   980130 0.000000000  1.92 0.000000000  1481.5 0.000000000  869310 0.000000000  1.93 0.000000000  1079.5 0.000000000  1027373 0.000000000  1.45 0.000000000  1304.4 0.000000000  30456.0 0.000000000       1.36 0.000000000  1395.70 0.000000000  662301 0.000000000  1.67 0.000000000  1193.4 0.000000000   271340 0.000000000  4.48 0.000000000  1623.6 0.000000000
63.189687 63.203576  240666 0.683000000  1.83 0.683000000  1384.5 0.683000000  117865.0 0.683000000      2.11 0.683000000  1286.60 0.683000000   990258 0.683000000  1.90 0.683000000  1481.5 0.683000000  634624 0.683000000  1.93 0.683000000  1079.6 0.683000000   590543 0.683000000  1.43 0.683000000  1304.4 0.683000000  85224.0 0.683000000       1.37 0.683000000  1395.70 0.683000000  373078 0.683000000  1.65 0.683000000  1193.5 0.683000000  4183800 0.683000000  4.35 0.683000000  1622.9 0.683000000
63.232049 63.245937  114185 0.000000000  1.81 0.000000000  1384.5 0.000000000  166666.0 0.000000000      2.16 0.000000000  1286.60 0.000000000  1035818 0.000000000  1.92 0.000000000  1481.5 0.000000000  888587 0.000000000  1.93 0.000000000  1079.5 0.000000000   944948 0.000000000  1.46 0.000000000  1304.4 0.000000000  32300.0 0.000000000       1.32 0.000000000  1395.70 0.000000000  690237 0.000000000  1.62 0.000000000  1193.4 0.000000000   302501 0.000000000  4.45 0.000000000  1623.7 0.000000000
63.274410 63.288299  113570 0.000000000  1.83 0.000000000  1384.5 0.000000000  162154.0 0.000000000      2.17 0.000000000  1286.60 0.000000000  1064926 0.000000000  1.91 0.000000000  1481.5 0.000000000  881669 0.000000000  1.92 0.000000000  1079.6 0.000000000   913626 0.000000000  1.46 0.000000000  1304.4 0.000000000  31936.0 0.000000000       1.36 0.000000000  1395.70 0.000000000  690710 0.000000000  1.64 0.000000000  1193.4 0.000000000   278963 0.000000000  4.23 0.000000000  1623.6 0.000000000
63.354271 63.368160  237715 0.683000000  1.79 0.683000000  1384.5 0.683000000  116825.0 0.683000000      2.14 0.683000000  1286.70 0.683000000   977311 0.683000000  1.97 0.683000000  1481.5 0.683000000  630953 0.683000000  1.91 0.683000000  1079.6 0.683000000   583007 0.683000000  1.46 0.683000000  1304.4 0.683000000  84400.0 0.683000000       1.33 0.683000000  1395.70 0.683000000  370241 0.683000000  1.64 0.683000000  1193.5 0.683000000  4143908 0.683000000  4.28 0.683000000  1622.9 0.683000000
63.396632 63.410521  110969 0.000000000  1.83 0.000000000  1384.5 0.000000000  161003.0 0.000000000      2.16 0.000000000  1286.60 0.000000000  1063918 0.000000000  1.90 0.000000000  1481.5 0.000000000  885358 0.000000000  1.92 0.000000000  1079.5 0.000000000   913118 0.000000000  1.46 0.000000000  1304.4 0.000000000  30290.0 0.000000000       1.38 0.000000000  1395.70 0.000000000  681139 0.000000000  1.65 0.000000000  1193.5 0.000000000   298575 0.000000000  4.43 0.000000000  1623.6 0.000000000
63.438993 63.452882  113667 0.000000000  1.85 0.000000000  1384.5 0.000000000  167663.0 0.000000000      2.13 0.000000000  1286.60 0.000000000  1077881 0.000000000  1.93 0.000000000  1481.4 0.000000000  884720 0.000000000  1.93 0.000000000  1079.6 0.000000000   959968 0.000000000  1.42 0.000000000  1304.4 0.000000000  30498.0 0.000000000       1.37 0.000000000  1395.70 0.000000000  679187 0.000000000  1.64 0.000000000  1193.5 0.000000000   260135 0.000000000  4.51 0.000000000  1623.7 0.000000000
63.481354 63.495243  240565 0.683000000  1.88 0.683000000  1384.5 0.683000000  118268.0 0.683000000      2.16 0.683000000  1286.70 0.683000000   989642 0.683000000  1.99 0.683000000  1481.5 0.683000000  630992 0.683000000  1.91 0.683000000  1079.6 0.683000000   587819 0.683000000  1.45 0.683000000  1304.4 0.683000000  85531.0 0.683000000       1.32 0.683000000  1395.70 0.683000000  371910 0.683000000  1.62 0.683000000  1193.5 0.683000000  4186328 0.683000000  4.38 0.683000000  1622.7 0.683000000
63.523715 63.537604  101387 0.000000000  1.84 0.000000000  1384.5 0.000000000  156478.0 0.000000000      2.20 0.000000000  1286.60 0.000000000  1043499 0.000000000  1.93 0.000000000  1481.4 0.000000000  868246 0.000000000  1.90 0.000000000  1079.6 0.000000000   886938 0.000000000  1.44 0.000000000  1304.4 0.000000000  27430.0 0.000000000       1.34 0.000000000  1395.70 0.000000000  651635 0.000000000  1.64 0.000000000  1193.5 0.000000000   269660 0.000000000  4.51 0.000000000  1623.6 0.000000000
63.566076 63.579965   99511 0.000000000  1.79 0.000000000  1384.5 0.000000000  154968.0 0.000000000      2.16 0.000000000  1286.60 0.000000000  1054231 0.000000000  1.93 0.000000000  1481.5 0.000000000  856786 0.000000000  1.93 0.000000000  1079.5 0.000000000   873841 0.000000000  1.42 0.000000000  1304.4 0.000000000  26827.0 0.000000000       1.32 0.000000000  1395.70 0.000000000  639979 0.000000000  1.63 0.000000000  1193.4 0.000000000   230910 0.000000000  4.43 0.000000000  1623.6 0.000000000
63.645938 63.659826  239563 0.683000000  1.83 0.683000000  1384.5 0.683000000  117655.0 0.683000000      2.16 0.683000000  1286.70 0.683000000   990293 0.683000000  1.92 0.683000000  1481.5 0.683000000  630236 0.683000000  1.92 0.683000000  1079.5 0.683000000   586470 0.683000000  1.43 0.683000000  1304.4 0.683000000  85466.0 0.683000000       1.32 0.683000000  1395.70 0.683000000  370556 0.683000000  1.67 0.683000000  1193.5 0.683000000  4198349 0.683000000  4.25 0.683000000  1622.9 0.683000000
63.688299 63.702188  100647 0.000000000  1.81 0.000000000  1384.5 0.000000000  153792.0 0.000000000      2.16 0.000000000  1286.70 0.000000000  1052034 0.000000000  1.95 0.000000000  1481.5 0.000000000  858775 0.000000000  1.94 0.000000000  1079.6 0.000000000   874296 0.000000000  1.43 0.000000000  1304.4 0.000000000  27032.0 0.000000000       1.35 0.000000000  1395.70 0.000000000  636910 0.000000000  1.66 0.000000000  1193.5 0.000000000   270666 0.000000000  4.41 0.000000000  1623.6 0.000000000
63.730660 63.744549   99959 0.000000000  1.88 0.000000000  1384.5 0.000000000  153972.0 0.000000000      2.14 0.000000000  1286.60 0.000000000  1041630 0.000000000  1.94 0.000000000  1481.4 0.000000000  861074 0.000000000  1.94 0.000000000  1079.6 0.000000000   889126 0.000000000  1.44 0.000000000  1304.4 0.000000000  27327.0 0.000000000       1.36 0.000000000  1395.70 0.000000000  643741 0.000000000  1.65 0.000000000  1193.5 0.000000000   220188 0.000000000  4.49 0.000000000  1623.6 0.000000000
63.773021 63.786910  240765 0.683000000  1.83 0.683000000  1384.5 0.683000000  118281.0 0.683000000      2.20 0.683000000  1286.70 0.683000000   989812 0.683000000  1.97 0.683000000  1481.4 0.683000000  631269 0.683000000  1.95 0.683000000  1079.6 0.683000000   588532 0.683000000  1.44 0.683000000  1304.4 0.683000000  85597.0 0.683000000       1.36 0.683000000  1395.70 0.683000000  371606 0.683000000  1.66 0.683000000  1193.5 0.683000000  4175326 0.683000000  4.34 0.683000000  1622.8 0.683000000
