packages/avoca/avoca-0.11.4.tar.gz/avoca-0.11.4/data/CH0001G.20240219123300.20240307132229.online_gc.NMHC.air.16d.61mn.CH01L_Agilent_GC-MS-MEDUSA_Medusa-12_JFJ.CH01L_gc_ms.lev0.nas
95 1001
Constantin, Lionel; Vollmer, Martin K.; Reimann, Stefan
CH01L, Swiss Federal Laboratories for Materials Science and Technology, EMPA, Laboratory for Air Pollution, Ueberlandstrasse 129, , 8600, Duebendorf, Switzerland
Constantin, Lionel
ACTRIS
1 1
2024 01 01 2024 03 07
0
days from file reference point
49
1 1 1 1 1 1 1 1 1 1 1 1 1 1 1 1 1 1 1 1 1 1 1 1 1 1 1 1 1 1 1 1 1 1 1 1 1 1 1 1 1 1 1 1 1 1 1 1 1
99.999999 9999999 9.999999999 99.99 9.999999999 99999.9 9.999999999 9999999.9 9.999999999 999999.99 9.999999999 99999.99 9.999999999 99999999 9.999999999 99.99 9.999999999 99999.9 9.999999999 9999999 9.999999999 99.99 9.999999999 99999.9 9.999999999 99999999 9.999999999 99.99 9.999999999 99999.9 9.999999999 999999.9 9.999999999 9999999.99 9.999999999 99999.99 9.999999999 9999999 9.999999999 99.99 9.999999999 99999.9 9.999999999 99999999 9.999999999 99.99 9.999999999 99999.9 9.999999999
end_time of measurement, days from the file reference point
2-methylbutane_peak_area, area_unit
numflag 2-methylbutane_peak_area, no unit
2-methylbutane_peak_width, s, Matrix=air, Inlet type=Hat or hood, Flow rate=10 l/min
numflag 2-methylbutane_peak_width, no unit, Matrix=air, Inlet type=Hat or hood, Flow rate=10 l/min
2-methylbutane_retention_time, s
numflag 2-methylbutane_retention_time, no unit
2-methylpropane_peak_area, area_unit
numflag 2-methylpropane_peak_area, no unit
2-methylpropane_peak_width, s, Matrix=air, Inlet type=Hat or hood, Flow rate=10 l/min
numflag 2-methylpropane_peak_width, no unit, Matrix=air, Inlet type=Hat or hood, Flow rate=10 l/min
2-methylpropane_retention_time, s
numflag 2-methylpropane_retention_time, no unit
benzene_peak_area, area_unit
numflag benzene_peak_area, no unit
benzene_peak_width, s, Matrix=air, Inlet type=Hat or hood, Flow rate=10 l/min
numflag benzene_peak_width, no unit, Matrix=air, Inlet type=Hat or hood, Flow rate=10 l/min
benzene_retention_time, s
numflag benzene_retention_time, no unit
ethane_peak_area, area_unit
numflag ethane_peak_area, no unit
ethane_peak_width, s, Matrix=air, Inlet type=Hat or hood, Flow rate=10 l/min
numflag ethane_peak_width, no unit, Matrix=air, Inlet type=Hat or hood, Flow rate=10 l/min
ethane_retention_time, s
numflag ethane_retention_time, no unit
n-butane_peak_area, area_unit
numflag n-butane_peak_area, no unit
n-butane_peak_width, s, Matrix=air, Inlet type=Hat or hood, Flow rate=10 l/min
numflag n-butane_peak_width, no unit, Matrix=air, Inlet type=Hat or hood, Flow rate=10 l/min
n-butane_retention_time, s
numflag n-butane_retention_time, no unit
n-pentane_peak_area, area_unit
numflag n-pentane_peak_area, no unit
n-pentane_peak_width, s, Matrix=air, Inlet type=Hat or hood, Flow rate=10 l/min
numflag n-pentane_peak_width, no unit, Matrix=air, Inlet type=Hat or hood, Flow rate=10 l/min
n-pentane_retention_time, s
numflag n-pentane_retention_time, no unit
propane_peak_area, area_unit
numflag propane_peak_area, no unit
propane_peak_width, s, Matrix=air, Inlet type=Hat or hood, Flow rate=10 l/min
numflag propane_peak_width, no unit, Matrix=air, Inlet type=Hat or hood, Flow rate=10 l/min
propane_retention_time, s
numflag propane_retention_time, no unit
toluene_peak_area, area_unit
numflag toluene_peak_area, no unit
toluene_peak_width, s, Matrix=air, Inlet type=Hat or hood, Flow rate=10 l/min
[...]
Originator:                   Reimann, Stefan, stefan.reimann@empa.ch, Swiss Federal Laboratories for Materials Science and Technology, EMPA, Laboratory for Air Pollution, Ueberlandstrasse 129, , 8600, Duebendorf, Switzerland
Submitter:                    Constantin, Lionel, lionel.constantin@empa.ch, Swiss Federal Laboratories for Materials Science and Technology, EMPA, Laboratory for Air Pollution, Ueberlandstrasse 129, , 8600, Duebendorf, Switzerland
Acknowledgement:              "Data used in this <study/report/figure/etc.> were accessed from EBAS (https://ebas.nilu.no) hosted by NILU. Specifically, the use included data affiliated with the framework: ACTRIS."
starttime endtime 2-methylbutane_pa flag_2-methylbutane_pa 2-methylbutane_pw flag_2-methylbutane_pw 2-methylbutane_rt flag_2-methylbutane_rt 2-methylpropane_pa flag_2-methylpropane_pa 2-methylpropane_pw flag_2-methylpropane_pw 2-methylpropane_rt flag_2-methylpropane_rt benzene_pa flag_benzene_pa benzene_pw flag_benzene_pw benzene_rt flag_benzene_rt ethane_pa flag_ethane_pa ethane_pw flag_ethane_pw ethane_rt flag_ethane_rt n-butane_pa flag_n-butane_pa n-butane_pw flag_n-butane_pw n-butane_rt flag_n-butane_rt n-pentane_pa flag_n-pentane_pa n-pentane_pw flag_n-pentane_pw n-pentane_rt flag_n-pentane_rt propane_pa flag_propane_pa propane_pw flag_propane_pw propane_rt flag_propane_rt toluene_pa flag_toluene_pa toluene_pw flag_toluene_pw toluene_rt flag_toluene_rt
[from data line 192]
60.147326 60.161215  233656 0.683000000  1.85 0.683000000  1384.5 0.683000000  112669.0 0.683000000      2.13 0.683000000  1286.60 0.683000000  1002930 0.683000000  1.92 0.683000000  1481.4 0.683000000  572325 0.683000000  1.92 0.683000000  1079.5 0.683000000   557522 0.683000000  1.43 0.683000000  1304.3 0.683000000  83461.0 0.683000000       1.34 0.683000000  1395.70 0.683000000  342828 0.683000000  1.64 0.683000000  1193.4 0.683000000  4252536 0.683000000  4.20 0.683000000  1622.8 0.683000000
60.189687 60.203576   93796 0.000000000  1.86 0.000000000  1384.5 0.000000000  114859.0 0.000000000      2.17 0.000000000  1286.60 0.000000000   806877 0.000000000  1.88 0.000000000  1481.4 0.000000000  595520 0.000000000  1.90 0.000000000  1079.5 0.000000000   586735 0.000000000  1.43 0.000000000  1304.3 0.000000000  25480.0 0.000000000       1.30 0.000000000  1395.60 0.000000000  415312 0.000000000  1.60 0.000000000  1193.4 0.000000000   326079 0.000000000  4.45 0.000000000  1623.6 0.000000000
60.232049 60.245937  230068 0.000000000  1.75 0.000000000  1384.4 0.000000000  191405.0 0.000000000      2.19 0.000000000  1286.60 0.000000000  1196803 0.000000000  1.92 0.000000000  1481.5 0.000000000  673150 0.000000000  1.90 0.000000000  1079.5 0.000000000  1001446 0.000000000  1.44 0.000000000  1304.4 0.000000000  57255.0 0.000000000       1.34 0.000000000  1395.70 0.000000000  558981 0.000000000  1.64 0.000000000  1193.4 0.000000000   859577 0.000000000  4.42 0.000000000  1623.5 0.000000000
60.274410 60.288299  234532 0.683000000  1.83 0.683000000  1384.4 0.683000000  112512.0 0.683000000      2.19 0.683000000  1286.60 0.683000000   998073 0.683000000  1.92 0.683000000  1481.4 0.683000000  571095 0.683000000  1.90 0.683000000  1079.5 0.683000000   556775 0.683000000  1.45 0.683000000  1304.4 0.683000000  83628.0 0.683000000       1.34 0.683000000  1395.70 0.683000000  342114 0.683000000  1.63 0.683000000  1193.4 0.683000000  4256486 0.683000000  4.25 0.683000000  1622.8 0.683000000
60.480660 60.494549  189272 0.000000000  1.83 0.000000000  1384.5 0.000000000  173336.0 0.000000000      2.20 0.000000000  1286.60 0.000000000  1128708 0.000000000  1.95 0.000000000  1481.6 0.000000000  672584 0.000000000  1.89 0.000000000  1079.5 0.000000000   899949 0.000000000  1.46 0.000000000  1304.4 0.000000000  47004.0 0.000000000       1.34 0.000000000  1395.70 0.000000000  537770 0.000000000  1.63 0.000000000  1193.4 0.000000000   709861 0.000000000  4.56 0.000000000  1623.8 0.000000000
60.523021 60.536910  235095 0.683000000  1.81 0.683000000  1384.5 0.683000000  111900.0 0.683000000      2.22 0.683000000  1286.60 0.683000000  1008892 0.683000000  1.91 0.683000000  1481.5 0.683000000  569700 0.683000000  1.88 0.683000000  1079.5 0.683000000   555042 0.683000000  1.46 0.683000000  1304.3 0.683000000  83241.0 0.683000000       1.38 0.683000000  1395.70 0.683000000  341390 0.683000000  1.61 0.683000000  1193.4 0.683000000  4224135 0.683000000  4.47 0.683000000  1622.9 0.683000000
60.731296 60.745185  232109 0.683000000  1.80 0.683000000  1384.4 0.683000000  109960.0 0.683000000      2.21 0.683000000  1286.60 0.683000000   995754 0.683000000  1.97 0.683000000  1481.4 0.683000000  559928 0.683000000  1.89 0.683000000  1079.4 0.683000000   546734 0.683000000  1.42 0.683000000  1304.3 0.683000000  82738.0 0.683000000       1.35 0.683000000  1395.70 0.683000000  336368 0.683000000  1.62 0.683000000  1193.4 0.683000000  4207820 0.683000000  4.30 0.683000000  1623.0 0.683000000
60.773657 60.787546  166099 0.000000000  1.85 0.000000000  1384.4 0.000000000  167986.0 0.000000000      2.14 0.000000000  1286.60 0.000000000  1088768 0.000000000  1.91 0.000000000  1481.5 0.000000000  667592 0.000000000  1.90 0.000000000  1079.4 0.000000000   817551 0.000000000  1.43 0.000000000  1304.4 0.000000000  44076.0 0.000000000       1.35 0.000000000  1395.70 0.000000000  525463 0.000000000  1.68 0.000000000  1193.4 0.000000000   559765 0.000000000  4.59 0.000000000  1623.7 0.000000000
60.816019 60.829907  182735 0.000000000  1.82 0.000000000  1384.4 0.000000000  180453.0 0.000000000      2.16 0.000000000  1286.60 0.000000000  1268333 0.000000000  1.92 0.000000000  1481.4 0.000000000  680139 0.000000000  1.88 0.000000000  1079.4 0.000000000   850015 0.000000000  1.45 0.000000000  1304.3 0.000000000  49954.0 0.000000000       1.34 0.000000000  1395.70 0.000000000  539768 0.000000000  1.64 0.000000000  1193.4 0.000000000   660320 0.000000000  4.45 0.000000000  1623.7 0.000000000
60.895880 60.909769  233689 0.683000000  1.79 0.683000000  1384.4 0.683000000  111965.0 0.683000000      2.13 0.683000000  1286.60 0.683000000  1007227 0.683000000  1.92 0.683000000  1481.4 0.683000000  567992 0.683000000  1.91 0.683000000  1079.5 0.683000000   554117 0.683000000  1.47 0.683000000  1304.3 0.683000000  83357.0 0.683000000       1.32 0.683000000  1395.60 0.683000000  339865 0.683000000  1.64 0.683000000  1193.4 0.683000000  4246462 0.683000000  4.21 0.683000000  1623.0 0.683000000
60.938241 60.952130 9999999 0.999000000 99.99 0.999000000 99999.9 0.999000000 9999999.9 0.900999000 999999.99 0.900999000 99999.99 0.900999000 99999999 0.900999000 99.99 0.900999000 99999.9 0.900999000 9999999 0.900999000 99.99 0.900999000 99999.9 0.900999000 99999999 0.900999000 99.99 0.900999000 99999.9 0.900999000 999999.9 0.900999000 9999999.99 0.900999000 99999.99 0.900999000 9999999 0.900999000 99.99 0.900999000 99999.9 0.900999000 99999999 0.900999000 99.99 0.900999000 99999.9 0.900999000
60.980602 60.994491 9999999 0.999000000 99.99 0.999000000 99999.9 0.999000000 9999999.9 0.900999000 999999.99 0.900999000 99999.99 0.900999000 99999999 0.900999000 99.99 0.900999000 99999.9 0.900999000 9999999 0.900999000 99.99 0.900999000 99999.9 0.900999000 99999999 0.900999000 99.99 0.900999000 99999.9 0.900999000 999999.9 0.900999000 9999999.99 0.900999000 99999.99 0.900999000 9999999 0.900999000 99.99 0.900999000 99999.9 0.900999000 99999999 0.900999000 99.99 0.900999000 99999.9 0.900999000
61.022963 61.036852 9999999 0.683900999 99.99 0.683900999 99999.9 0.683900999 9999999.9 0.683900999 999999.99 0.683900999 99999.99 0.683900999 99999999 0.683900999 99.99 0.683900999 99999.9 0.683900999 9999999 0.683900999 99.99 0.683900999 99999.9 0.683900999 99999999 0.683900999 99.99 0.683900999 99999.9 0.683900999 999999.9 0.683900999 9999999.99 0.683900999 99999.99 0.683900999 9999999 0.683900999 99.99 0.683900999 99999.9 0.683900999 99999999 0.683900999 99.99 0.683900999 99999.9 0.683900999
61.397315 61.411204 9999999 0.999000000 99.99 0.999000000 99999.9 0.999000000 9999999.9 0.900999000 999999.99 0.900999000 99999.99 0.900999000 99999999 0.900999000 99.99 0.900999000 99999.9 0.900999000 9999999 0.900999000 99.99 0.900999000 99999.9 0.900999000 99999999 0.900999000 99.99 0.900999000 99999.9 0.900999000 999999.9 0.900999000 9999999.99 0.900999000 99999.99 0.900999000 9999999 0.900999000 99.99 0.900999000 99999.9 0.900999000 99999999 0.900999000 99.99 0.900999000 99999.9 0.900999000
61.439676 61.453565 9999999 0.683999000 99.99 0.683999000 99999.9 0.683999000 9999999.9 0.683900999 999999.99 0.683900999 99999.99 0.683900999 99999999 0.683900999 99.99 0.683900999 99999.9 0.683900999 9999999 0.683900999 99.99 0.683900999 99999.9 0.683900999 99999999 0.683900999 99.99 0.683900999 99999.9 0.683900999 999999.9 0.683900999 9999999.99 0.683900999 99999.99 0.683900999 9999999 0.683900999 99.99 0.683900999 99999.9 0.683900999 99999999 0.683900999 99.99 0.683900999 99999.9 0.683900999
61.482037 61.495926 9999999 0.999000000 99.99 0.999000000 99999.9 0.999000000 9999999.9 0.900999000 999999.99 0.900999000 99999.99 0.900999000 99999999 0.900999000 99.99 0.900999000 99999.9 0.900999000 9999999 0.900999000 99.99 0.900999000 99999.9 0.900999000 99999999 0.900999000 99.99 0.900999000 99999.9 0.900999000 999999.9 0.900999000 9999999.99 0.900999000 99999.99 0.900999000 9999999 0.900999000 99.99 0.900999000 99999.9 0.900999000 99999999 0.900999000 99.99 0.900999000 99999.9 0.900999000
61.524398 61.538287 9999999 0.999000000 99.99 0.999000000 99999.9 0.999000000 9999999.9 0.900999000 999999.99 0.900999000 99999.99 0.900999000 99999999 0.900999000 99.99 0.900999000 99999.9 0.900999000 9999999 0.900999000 99.99 0.900999000 99999.9 0.900999000 99999999 0.900999000 99.99 0.900999000 99999.9 0.900999000 999999.9 0.900999000 9999999.99 0.900999000 99999.99 0.900999000 9999999 0.900999000 99.99 0.900999000 99999.9 0.900999000 99999999 0.900999000 99.99 0.900999000 99999.9 0.900999000
61.604259 61.618148 9999999 0.683999000 99.99 0.683999000 99999.9 0.683999000    1286.8 0.683000000  83106.00 0.683000000     2.14 0.683000000   965858 0.683000000  1.94 0.683000000  1481.6 0.683000000 9999999 0.683999000 99.99 0.683999000 99999.9 0.683999000 99999999 0.683999000 99.99 0.683999000 99999.9 0.683999000   1395.8 0.683000000  235045.00 0.683000000     1.35 0.683000000 9999999 0.683999000 99.99 0.683999000 99999.9 0.683999000 99999999 0.683999000 99.99 0.683999000 99999.9 0.683999000
61.646620 61.660509  262539 0.000000000  1.79 0.000000000  1384.6 0.000000000  332580.0 0.000000000      2.14 0.000000000  1286.80 0.000000000  1405795 0.000000000  1.94 0.000000000  1481.6 0.000000000  955794 0.000000000  1.96 0.000000000  1079.6 0.000000000  1394701 0.000000000  1.46 0.000000000  1304.5 0.000000000  78301.0 0.000000000       1.33 0.000000000  1395.80 0.000000000  890269 0.000000000  1.61 0.000000000  1193.6 0.000000000  1324818 0.000000000  4.50 0.000000000  1623.9 0.000000000
61.688981 61.702870  306292 0.000000000  1.83 0.000000000  1384.7 0.000000000  369435.0 0.000000000      2.20 0.000000000  1286.80 0.000000000  1612075 0.000000000  1.93 0.000000000  1481.7 0.000000000  972214 0.000000000  1.94 0.000000000  1079.6 0.000000000  1498127 0.000000000  1.46 0.000000000  1304.5 0.000000000  91518.0 0.000000000       1.35 0.000000000  1395.80 0.000000000  929000 0.000000000  1.64 0.000000000  1193.6 0.000000000  1573752 0.000000000  4.33 0.000000000  1623.8 0.000000000
61.731343 61.745231  236474 0.683000000  1.83 0.683000000  1384.6 0.683000000  116915.0 0.683000000      2.18 0.683000000  1286.70 0.683000000   970816 0.683000000  1.95 0.683000000  1481.7 0.683000000  632266 0.683000000  1.91 0.683000000  1079.6 0.683000000   582089 0.683000000  1.46 0.683000000  1304.5 0.683000000  84281.0 0.683000000       1.33 0.683000000  1395.80 0.683000000  368184 0.683000000  1.66 0.683000000  1193.6 0.683000000  4089618 0.683000000  4.29 0.683000000  1623.2 0.683000000
61.773704 61.787593  212774 0.000000000  1.80 0.000000000  1384.5 0.000000000  265851.0 0.000000000      2.18 0.000000000  1286.70 0.000000000  1344886 0.000000000  1.88 0.000000000  1481.6 0.000000000  923694 0.000000000  1.94 0.000000000  1079.5 0.000000000  1198588 0.000000000  1.43 0.000000000  1304.4 0.000000000  65947.0 0.000000000       1.33 0.000000000  1395.80 0.000000000  809246 0.000000000  1.64 0.000000000  1193.5 0.000000000  1013715 0.000000000  4.50 0.000000000  1623.7 0.000000000
61.816065 61.829954  242440 0.000000000  1.84 0.000000000  1384.6 0.000000000  285889.0 0.000000000      2.19 0.000000000  1286.70 0.000000000  1425047 0.000000000  1.92 0.000000000  1481.6 0.000000000  929876 0.000000000  1.92 0.000000000  1079.6 0.000000000  1267083 0.000000000  1.44 0.000000000  1304.5 0.000000000  69733.0 0.000000000       1.33 0.000000000  1395.80 0.000000000  823406 0.000000000  1.63 0.000000000  1193.5 0.000000000  1046214 0.000000000  4.50 0.000000000  1623.8 0.000000000
61.895926 61.909815  237009 0.683000000  1.85 0.683000000  1384.6 0.683000000  117145.0 0.683000000      2.18 0.683000000  1286.70 0.683000000   977392 0.683000000  1.94 0.683000000  1481.6 0.683000000  633721 0.683000000  1.93 0.683000000  1079.6 0.683000000   582719 0.683000000  1.48 0.683000000  1304.5 0.683000000  84693.0 0.683000000       1.36 0.683000000  1395.80 0.683000000  367362 0.683000000  1.63 0.683000000  1193.6 0.683000000  4105244 0.683000000  4.34 0.683000000  1623.1 0.683000000
61.938287 61.952176  231872 0.000000000  1.79 0.000000000  1384.6 0.000000000  303979.0 0.000000000      2.18 0.000000000  1286.70 0.000000000  1426732 0.000000000  1.83 0.000000000  1481.6 0.000000000  987466 0.000000000  1.92 0.000000000  1079.6 0.000000000  1286765 0.000000000  1.44 0.000000000  1304.5 0.000000000  70967.0 0.000000000       1.31 0.000000000  1395.90 0.000000000  885416 0.000000000  1.65 0.000000000  1193.5 0.000000000  1068678 0.000000000  4.47 0.000000000  1623.8 0.000000000
61.980648 61.994537  160383 0.000000000  1.81 0.000000000  1384.5 0.000000000  211132.0 0.000000000      2.17 0.000000000  1286.70 0.000000000  1234088 0.000000000  1.87 0.000000000  1481.6 0.000000000  885193 0.000000000  1.92 0.000000000  1079.5 0.000000000   987623 0.000000000  1.43 0.000000000  1304.4 0.000000000  48467.0 0.000000000       1.33 0.000000000  1395.80 0.000000000  728301 0.000000000  1.64 0.000000000  1193.5 0.000000000   694328 0.000000000  4.31 0.000000000  1623.8 0.000000000
62.023009 62.036898  237089 0.683000000  1.88 0.683000000  1384.6 0.683000000  117069.0 0.683000000      2.11 0.683000000  1286.70 0.683000000   974714 0.683000000  1.93 0.683000000  1481.7 0.683000000  635562 0.683000000  1.93 0.683000000  1079.6 0.683000000   583752 0.683000000  1.42 0.683000000  1304.4 0.683000000  84648.0 0.683000000       1.36 0.683000000  1395.80 0.683000000  368797 0.683000000  1.67 0.683000000  1193.5 0.683000000  4117152 0.683000000  4.35 0.683000000  1623.2 0.683000000
62.065370 62.079259  150834 0.000000000  1.79 0.000000000  1384.6 0.000000000  209774.0 0.000000000      2.20 0.000000000  1286.70 0.000000000  1206879 0.000000000  1.94 0.000000000  1481.7 0.000000000  889285 0.000000000  1.94 0.000000000  1079.6 0.000000000   956049 0.000000000  1.43 0.000000000  1304.5 0.000000000  45861.0 0.000000000       1.35 0.000000000  1395.80 0.000000000  723811 0.000000000  1.64 0.000000000  1193.5 0.000000000   625560 0.000000000  4.36 0.000000000  1623.9 0.000000000
62.107731 62.121620  137211 0.000000000  1.81 0.000000000  1384.6 0.000000000  200549.0 0.000000000      2.16 0.000000000  1286.70 0.000000000  1184278 0.000000000  1.95 0.000000000  1481.6 0.000000000  883596 0.000000000  1.92 0.000000000  1079.5 0.000000000   930821 0.000000000  1.46 0.000000000  1304.5 0.000000000  41954.0 0.000000000       1.35 0.000000000  1395.80 0.000000000  704309 0.000000000  1.65 0.000000000  1193.5 0.000000000   514197 0.000000000  4.47 0.000000000  1624.0 0.000000000
62.187593 62.201481  238770 0.683000000  1.82 0.683000000  1384.5 0.683000000  117701.0 0.683000000      2.15 0.683000000  1286.70 0.683000000   979997 0.683000000  1.99 0.683000000  1481.6 0.683000000  635044 0.683000000  1.92 0.683000000  1079.5 0.683000000   588560 0.683000000  1.47 0.683000000  1304.4 0.683000000  85154.0 0.683000000       1.37 0.683000000  1395.80 0.683000000  369564 0.683000000  1.65 0.683000000  1193.5 0.683000000  4125136 0.683000000  4.44 0.683000000  1623.3 0.683000000
62.229954 62.243843  147441 0.000000000  1.85 0.000000000  1384.5 0.000000000  203841.0 0.000000000      2.16 0.000000000  1286.70 0.000000000  1152947 0.000000000  1.90 0.000000000  1481.5 0.000000000  896245 0.000000000  1.97 0.000000000  1079.5 0.000000000   961906 0.000000000  1.46 0.000000000  1304.4 0.000000000  42646.0 0.000000000       1.34 0.000000000  1395.70 0.000000000  736758 0.000000000  1.68 0.000000000  1193.5 0.000000000   534639 0.000000000  4.29 0.000000000  1624.0 0.000000000
