packages/avoca/avoca-0.11.4.tar.gz/avoca-0.11.4/data/CH0001G.20240219123300.20240307132229.online_gc.NMHC.air.16d.61mn.CH01L_Agilent_GC-MS-MEDUSA_Medusa-12_JFJ.CH01L_gc_ms.lev0.nas
95 1001
Constantin, Lionel; Vollmer, Martin K.; Reimann, Stefan
CH01L, Swiss Federal Laboratories for Materials Science and Technology, EMPA, Laboratory for Air Pollution, Ueberlandstrasse 129, , 8600, Duebendorf, Switzerland
Constantin, Lionel
ACTRIS
1 1
2024 01 01 2024 03 07
0
days from file reference point
49
1 1 1 1 1 1 1 1 1 1 1 1 1 1 1 1 1 1 1 1 1 1 1 1 1 1 1 1 1 1 1 1 1 1 1 1 1 1 1 1 1 1 1 1 1 1 1 1 1
99.999999 9999999 9.999999999 99.99 9.999999999 99999.9 9.999999999 9999999.9 9.999999999 999999.99 9.999999999 99999.99 9.999999999 99999999 9.999999999 99.99 9.999999999 99999.9 9.999999999 9999999 9.999999999 99.99 9.999999999 99999.9 9.999999999 99999999 9.999999999 99.99 9.999999999 99999.9 9.999999999 999999.9 9.999999999 9999999.99 9.999999999 99999.99 9.999999999 9999999 9.999999999 99.99 9.999999999 99999.9 9.999999999 99999999 9.999999999 99.99 9.999999999 99999.9 9.999999999
end_time of measurement, days from the file reference point
2-methylbutane_peak_area, area_unit
numflag 2-methylbutane_peak_area, no unit
2-methylbutane_peak_width, s, Matrix=air, Inlet type=Hat or hood, Flow rate=10 l/min
numflag 2-methylbutane_peak_width, no unit, Matrix=air, Inlet type=Hat or hood, Flow rate=10 l/min
2-methylbutane_retention_time, s
numflag 2-methylbutane_retention_time, no unit
2-methylpropane_peak_area, area_unit
numflag 2-methylpropane_peak_area, no unit
2-methylpropane_peak_width, s, Matrix=air, Inlet type=Hat or hood, Flow rate=10 l/min
numflag 2-methylpropane_peak_width, no unit, Matrix=air, Inlet type=Hat or hood, Flow rate=10 l/min
2-methylpropane_retention_time, s
numflag 2-methylpropane_retention_time, no unit
benzene_peak_area, area_unit
numflag benzene_peak_area, no unit
benzene_peak_width, s, Matrix=air, Inlet type=Hat or hood, Flow rate=10 l/min
numflag benzene_peak_width, no unit, Matrix=air, Inlet type=Hat or hood, Flow rate=10 l/min
benzene_retention_time, s
numflag benzene_retention_time, no unit
ethane_peak_area, area_unit
numflag ethane_peak_area, no unit
ethane_peak_width, s, Matrix=air, Inlet type=Hat or hood, Flow rate=10 l/min
numflag ethane_peak_width, no unit, Matrix=air, Inlet type=Hat or hood, Flow rate=10 l/min
ethane_retention_time, s
numflag ethane_retention_time, no unit
n-butane_peak_area, area_unit
numflag n-butane_peak_area, no unit
n-butane_peak_width, s, Matrix=air, Inlet type=Hat or hood, Flow rate=10 l/min
numflag n-butane_peak_width, no unit, Matrix=air, Inlet type=Hat or hood, Flow rate=10 l/min
n-butane_retention_time, s
numflag n-butane_retention_time, no unit
n-pentane_peak_area, area_unit
numflag n-pentane_peak_area, no unit
n-pentane_peak_width, s, Matrix=air, Inlet type=Hat or hood, Flow rate=10 l/min
numflag n-pentane_peak_width, no unit, Matrix=air, Inlet type=Hat or hood, Flow rate=10 l/min
n-pentane_retention_time, s
numflag n-pentane_retention_time, no unit
propane_peak_area, area_unit
numflag propane_peak_area, no unit
propane_peak_width, s, Matrix=air, Inlet type=Hat or hood, Flow rate=10 l/min
numflag propane_peak_width, no unit, Matrix=air, Inlet type=Hat or hood, Flow rate=10 l/min
propane_retention_time, s
numflag propane_retention_time, no unit
toluene_peak_area, area_unit
numflag toluene_peak_area, no unit
toluene_peak_width, s, Matrix=air, Inlet type=Hat or hood, Flow rate=10 l/min
[...]
Originator:                   Reimann, Stefan, stefan.reimann@empa.ch, Swiss Federal Laboratories for Materials Science and Technology, EMPA, Laboratory for Air Pollution, Ueberlandstrasse 129, , 8600, Duebendorf, Switzerland
Submitter:                    Constantin, Lionel, lionel.constantin@empa.ch, Swiss Federal Laboratories for Materials Science and Technology, EMPA, Laboratory for Air Pollution, Ueberlandstrasse 129, , 8600, Duebendorf, Switzerland
Acknowledgement:              "Data used in this <study/report/figure/etc.> were accessed from EBAS (https://ebas.nilu.no) hosted by NILU. Specifically, the use included data affiliated with the framework: ACTRIS."
starttime endtime 2-methylbutane_pa flag_2-methylbutane_pa 2-methylbutane_pw flag_2-methylbutane_pw 2-methylbutane_rt flag_2-methylbutane_rt 2-methylpropane_pa flag_2-methylpropane_pa 2-methylpropane_pw flag_2-methylpropane_pw 2-methylpropane_rt flag_2-methylpropane_rt benzene_pa flag_benzene_pa benzene_pw flag_benzene_pw benzene_rt flag_benzene_rt ethane_pa flag_ethane_pa ethane_pw flag_ethane_pw ethane_rt flag_ethane_rt n-butane_pa flag_n-butane_pa n-butane_pw flag_n-butane_pw n-butane_rt flag_n-butane_rt n-pentane_pa flag_n-pentane_pa n-pentane_pw flag_n-pentane_pw n-pentane_rt flag_n-pentane_rt propane_pa flag_propane_pa propane_pw flag_propane_pw propane_rt flag_propane_rt toluene_pa flag_toluene_pa toluene_pw flag_toluene_pw toluene_rt flag_toluene_rt
[from data line 160]
58.439687 58.453576  230644 0.683000000  1.80 0.683000000  1384.4 0.683000000  110664.0 0.683000000      2.14 0.683000000  1286.50 0.683000000   976759 0.683000000  1.93 0.683000000  1481.3 0.683000000  562416 0.683000000  1.88 0.683000000  1079.5 0.683000000   547178 0.683000000  1.47 0.683000000  1304.3 0.683000000  82447.0 0.683000000       1.36 0.683000000  1395.60 0.683000000  335568 0.683000000  1.64 0.683000000  1193.4 0.683000000  4168268 0.683000000  4.10 0.683000000  1622.4 0.683000000
58.482049 58.495937  125353 0.000000000  1.84 0.000000000  1384.3 0.000000000  173311.0 0.000000000      2.14 0.000000000  1286.60 0.000000000   956362 0.000000000  1.93 0.000000000  1481.3 0.000000000  789316 0.000000000  1.87 0.000000000  1079.5 0.000000000  1002587 0.000000000  1.47 0.000000000  1304.3 0.000000000  35749.0 0.000000000       1.35 0.000000000  1395.60 0.000000000  616294 0.000000000  1.65 0.000000000  1193.4 0.000000000   431892 0.000000000  4.33 0.000000000  1623.2 0.000000000
58.524410 58.538299  122734 0.000000000  1.83 0.000000000  1384.4 0.000000000  172734.0 0.000000000      2.16 0.000000000  1286.60 0.000000000   917560 0.000000000  1.94 0.000000000  1481.3 0.000000000  798845 0.000000000  1.90 0.000000000  1079.5 0.000000000  1017798 0.000000000  1.45 0.000000000  1304.3 0.000000000  36201.0 0.000000000       1.32 0.000000000  1395.60 0.000000000  603502 0.000000000  1.65 0.000000000  1193.4 0.000000000   367256 0.000000000  4.34 0.000000000  1623.0 0.000000000
58.604271 58.618160  229895 0.683000000  1.83 0.683000000  1384.4 0.683000000  111168.0 0.683000000      2.14 0.683000000  1286.60 0.683000000   981795 0.683000000  1.84 0.683000000  1481.3 0.683000000  564298 0.683000000  1.90 0.683000000  1079.5 0.683000000   547702 0.683000000  1.41 0.683000000  1304.3 0.683000000  81836.0 0.683000000       1.37 0.683000000  1395.60 0.683000000  337992 0.683000000  1.62 0.683000000  1193.5 0.683000000  4172740 0.683000000  4.20 0.683000000  1622.3 0.683000000
58.646632 58.660521   46205 0.000000000  1.84 0.000000000  1384.4 0.000000000   74414.0 0.000000000      2.18 0.000000000  1286.60 0.000000000   491672 0.000000000  1.87 0.000000000  1481.3 0.000000000  491207 0.000000000  1.88 0.000000000  1079.5 0.000000000   495060 0.000000000  1.47 0.000000000  1304.3 0.000000000  14246.0 0.000000000       1.39 0.000000000  1395.60 0.000000000  293885 0.000000000  1.63 0.000000000  1193.4 0.000000000   182174 0.000000000  4.26 0.000000000  1623.2 0.000000000
58.688993 58.702882   44244 0.000000000  1.86 0.000000000  1384.3 0.000000000   76655.0 0.000000000      2.16 0.000000000  1286.50 0.000000000   478986 0.000000000  1.89 0.000000000  1481.3 0.000000000  486121 0.000000000  1.90 0.000000000  1079.5 0.000000000   491278 0.000000000  1.40 0.000000000  1304.3 0.000000000  13448.0 0.000000000       1.34 0.000000000  1395.60 0.000000000  287873 0.000000000  1.62 0.000000000  1193.4 0.000000000   129263 0.000000000  4.52 0.000000000  1623.1 0.000000000
58.731354 58.745243  231397 0.683000000  1.76 0.683000000  1384.4 0.683000000  112246.0 0.683000000      2.14 0.683000000  1286.60 0.683000000   980074 0.683000000  1.93 0.683000000  1481.3 0.683000000  567161 0.683000000  1.90 0.683000000  1079.5 0.683000000   547987 0.683000000  1.45 0.683000000  1304.3 0.683000000  82859.0 0.683000000       1.36 0.683000000  1395.60 0.683000000  339676 0.683000000  1.68 0.683000000  1193.5 0.683000000  4184153 0.683000000  4.21 0.683000000  1622.3 0.683000000
58.773715 58.787604   74165 0.000000000  1.87 0.000000000  1384.4 0.000000000  113617.0 0.000000000      2.17 0.000000000  1286.60 0.000000000   727116 0.000000000  1.91 0.000000000  1481.3 0.000000000  591602 0.000000000  1.89 0.000000000  1079.5 0.000000000   660812 0.000000000  1.43 0.000000000  1304.3 0.000000000  21838.0 0.000000000       1.34 0.000000000  1395.60 0.000000000  406446 0.000000000  1.64 0.000000000  1193.4 0.000000000   290104 0.000000000  4.50 0.000000000  1623.1 0.000000000
58.816076 58.829965   54233 0.000000000  1.82 0.000000000  1384.4 0.000000000   84472.0 0.000000000      2.13 0.000000000  1286.60 0.000000000   504479 0.000000000  1.90 0.000000000  1481.3 0.000000000  516876 0.000000000  1.89 0.000000000  1079.5 0.000000000   537448 0.000000000  1.42 0.000000000  1304.3 0.000000000  17921.0 0.000000000       1.35 0.000000000  1395.60 0.000000000  312016 0.000000000  1.66 0.000000000  1193.4 0.000000000   166148 0.000000000  4.56 0.000000000  1623.2 0.000000000
58.895938 58.909826  231998 0.683000000  1.81 0.683000000  1384.4 0.683000000  112508.0 0.683000000      2.18 0.683000000  1286.60 0.683000000   985395 0.683000000  1.92 0.683000000  1481.3 0.683000000  565996 0.683000000  1.88 0.683000000  1079.6 0.683000000   551732 0.683000000  1.47 0.683000000  1304.3 0.683000000  82540.0 0.683000000       1.35 0.683000000  1395.60 0.683000000  338007 0.683000000  1.65 0.683000000  1193.4 0.683000000  4195196 0.683000000  4.28 0.683000000  1622.3 0.683000000
58.938299 58.952188   51383 0.000000000  1.84 0.000000000  1384.4 0.000000000   83293.0 0.000000000      2.14 0.000000000  1286.60 0.000000000   468632 0.000000000  1.89 0.000000000  1481.3 0.000000000  506614 0.000000000  1.90 0.000000000  1079.5 0.000000000   542406 0.000000000  1.46 0.000000000  1304.3 0.000000000  16216.0 0.000000000       1.33 0.000000000  1395.60 0.000000000  303883 0.000000000  1.62 0.000000000  1193.4 0.000000000   183103 0.000000000  4.46 0.000000000  1623.2 0.000000000
58.980660 58.994549   59826 0.000000000  1.84 0.000000000  1384.4 0.000000000   92090.0 0.000000000      2.18 0.000000000  1286.60 0.000000000   526749 0.000000000  1.89 0.000000000  1481.4 0.000000000  566847 0.000000000  1.88 0.000000000  1079.5 0.000000000   649674 0.000000000  1.47 0.000000000  1304.3 0.000000000  20968.0 0.000000000       1.36 0.000000000  1395.60 0.000000000  348732 0.000000000  1.58 0.000000000  1193.4 0.000000000   146380 0.000000000  4.55 0.000000000  1623.3 0.000000000
59.023021 59.036910  230222 0.683000000  1.79 0.683000000  1384.5 0.683000000  112572.0 0.683000000      2.14 0.683000000  1286.60 0.683000000   952363 0.683000000  1.87 0.683000000  1481.3 0.683000000  567291 0.683000000  1.87 0.683000000  1079.5 0.683000000   550408 0.683000000  1.44 0.683000000  1304.3 0.683000000  81984.0 0.683000000       1.34 0.683000000  1395.70 0.683000000  340045 0.683000000  1.58 0.683000000  1193.4 0.683000000 99999999 0.683900999 99.99 0.683900999 99999.9 0.683900999
59.065382 59.079271   57472 0.000000000  1.83 0.000000000  1384.4 0.000000000   86868.0 0.000000000      2.17 0.000000000  1286.60 0.000000000   521872 0.000000000  1.94 0.000000000  1481.4 0.000000000  513880 0.000000000  1.90 0.000000000  1079.5 0.000000000   581460 0.000000000  1.44 0.000000000  1304.4 0.000000000  16269.0 0.000000000       1.33 0.000000000  1395.70 0.000000000  325171 0.000000000  1.66 0.000000000  1193.4 0.000000000   200443 0.000000000  4.45 0.000000000  1623.3 0.000000000
59.107743 59.121632   49104 0.000000000  1.82 0.000000000  1384.4 0.000000000   80459.0 0.000000000      2.18 0.000000000  1286.60 0.000000000   513524 0.000000000  1.92 0.000000000  1481.4 0.000000000  458341 0.000000000  1.89 0.000000000  1079.5 0.000000000   557358 0.000000000  1.46 0.000000000  1304.3 0.000000000  14197.0 0.000000000       1.33 0.000000000  1395.60 0.000000000  278628 0.000000000  1.61 0.000000000  1193.4 0.000000000   153792 0.000000000  4.42 0.000000000  1623.3 0.000000000
59.187604 59.201493  233098 0.683000000  1.81 0.683000000  1384.4 0.683000000  112453.0 0.683000000      2.22 0.683000000  1286.60 0.683000000   990579 0.683000000  1.89 0.683000000  1481.4 0.683000000  567168 0.683000000  1.89 0.683000000  1079.5 0.683000000   552049 0.683000000  1.42 0.683000000  1304.3 0.683000000  82563.0 0.683000000       1.37 0.683000000  1395.60 0.683000000  339746 0.683000000  1.64 0.683000000  1193.4 0.683000000  4199454 0.683000000  4.18 0.683000000  1622.6 0.683000000
59.229965 59.243854   43929 0.000000000  1.79 0.000000000  1384.4 0.000000000   75445.0 0.000000000      2.20 0.000000000  1286.60 0.000000000   470537 0.000000000  1.91 0.000000000  1481.3 0.000000000  432926 0.000000000  1.91 0.000000000  1079.5 0.000000000   520832 0.000000000  1.46 0.000000000  1304.3 0.000000000  12415.0 0.000000000       1.34 0.000000000  1395.60 0.000000000  253348 0.000000000  1.67 0.000000000  1193.4 0.000000000   176275 0.000000000  4.34 0.000000000  1623.3 0.000000000
59.272326 59.286215   42151 0.000000000  1.78 0.000000000  1384.5 0.000000000   67559.0 0.000000000      2.12 0.000000000  1286.60 0.000000000   456331 0.000000000  1.93 0.000000000  1481.3 0.000000000  429010 0.000000000  1.87 0.000000000  1079.5 0.000000000   527667 0.000000000  1.44 0.000000000  1304.3 0.000000000  11930.0 0.000000000       1.37 0.000000000  1395.60 0.000000000  243552 0.000000000  1.59 0.000000000  1193.4 0.000000000   133607 0.000000000  4.22 0.000000000  1623.2 0.000000000
59.314687 59.328576  233288 0.683000000  1.80 0.683000000  1384.4 0.683000000  112810.0 0.683000000      2.15 0.683000000  1286.60 0.683000000   985740 0.683000000  1.91 0.683000000  1481.4 0.683000000  568729 0.683000000  1.88 0.683000000  1079.5 0.683000000   552444 0.683000000  1.45 0.683000000  1304.4 0.683000000  83608.0 0.683000000       1.34 0.683000000  1395.60 0.683000000  340440 0.683000000  1.64 0.683000000  1193.4 0.683000000  4212317 0.683000000  4.16 0.683000000  1622.5 0.683000000
59.357049 59.370937   44955 0.000000000  1.91 0.000000000  1384.4 0.000000000   74011.0 0.000000000      2.15 0.000000000  1286.60 0.000000000   480891 0.000000000  1.97 0.000000000  1481.3 0.000000000  470438 0.000000000  1.86 0.000000000  1079.5 0.000000000   426693 0.000000000  1.46 0.000000000  1304.3 0.000000000  13956.0 0.000000000       1.37 0.000000000  1395.60 0.000000000  271132 0.000000000  1.63 0.000000000  1193.4 0.000000000   157370 0.000000000  4.40 0.000000000  1623.2 0.000000000
59.399410 59.413299   47883 0.000000000  1.80 0.000000000  1384.4 0.000000000   71896.0 0.000000000      2.18 0.000000000  1286.50 0.000000000   529809 0.000000000  1.89 0.000000000  1481.4 0.000000000  499650 0.000000000  1.87 0.000000000  1079.5 0.000000000   423827 0.000000000  1.43 0.000000000  1304.3 0.000000000  14075.0 0.000000000       1.36 0.000000000  1395.60 0.000000000  296715 0.000000000  1.64 0.000000000  1193.4 0.000000000   120535 0.000000000  4.56 0.000000000  1623.3 0.000000000
59.479271 59.493160  233555 0.683000000  1.81 0.683000000  1384.4 0.683000000  113497.0 0.683000000      2.18 0.683000000  1286.60 0.683000000   992119 0.683000000  1.94 0.683000000  1481.4 0.683000000  568898 0.683000000  1.88 0.683000000  1079.5 0.683000000   554098 0.683000000  1.46 0.683000000  1304.4 0.683000000  83306.0 0.683000000       1.35 0.683000000  1395.60 0.683000000  339280 0.683000000  1.62 0.683000000  1193.4 0.683000000  4224976 0.683000000  4.10 0.683000000  1622.5 0.683000000
59.521632 59.535521   69372 0.000000000  1.87 0.000000000  1384.5 0.000000000  102983.0 0.000000000      2.14 0.000000000  1286.60 0.000000000   673134 0.000000000  1.92 0.000000000  1481.4 0.000000000  577846 0.000000000  1.89 0.000000000  1079.5 0.000000000   524925 0.000000000  1.47 0.000000000  1304.4 0.000000000  19673.0 0.000000000       1.36 0.000000000  1395.60 0.000000000  380737 0.000000000  1.65 0.000000000  1193.4 0.000000000   201159 0.000000000  4.24 0.000000000  1623.4 0.000000000
59.563993 59.577882   70409 0.000000000  1.84 0.000000000  1384.4 0.000000000  104372.0 0.000000000      2.16 0.000000000  1286.60 0.000000000   697102 0.000000000  1.92 0.000000000  1481.4 0.000000000  594626 0.000000000  1.90 0.000000000  1079.5 0.000000000   534656 0.000000000  1.45 0.000000000  1304.3 0.000000000  19477.0 0.000000000       1.35 0.000000000  1395.60 0.000000000  397949 0.000000000  1.65 0.000000000  1193.4 0.000000000   166387 0.000000000  4.43 0.000000000  1623.5 0.000000000
59.606354 59.620243  232791 0.683000000  1.81 0.683000000  1384.4 0.683000000  111777.0 0.683000000      2.11 0.683000000  1286.60 0.683000000   984242 0.683000000  1.93 0.683000000  1481.4 0.683000000  569235 0.683000000  1.89 0.683000000  1079.5 0.683000000   552284 0.683000000  1.48 0.683000000  1304.3 0.683000000  82987.0 0.683000000       1.34 0.683000000  1395.60 0.683000000  339717 0.683000000  1.65 0.683000000  1193.4 0.683000000  4182236 0.683000000  4.31 0.683000000  1622.7 0.683000000
59.770938 59.784826  232607 0.683000000  1.80 0.683000000  1384.4 0.683000000  111551.0 0.683000000      2.21 0.683000000  1286.60 0.683000000   998676 0.683000000  1.93 0.683000000  1481.3 0.683000000  569374 0.683000000  1.90 0.683000000  1079.5 0.683000000   550412 0.683000000  1.46 0.683000000  1304.3 0.683000000  83614.0 0.683000000       1.36 0.683000000  1395.60 0.683000000  339753 0.683000000  1.68 0.683000000  1193.4 0.683000000  4229354 0.683000000  4.23 0.683000000  1622.7 0.683000000
59.855660 59.869549  236731 0.683000000  1.81 0.683000000  1384.4 0.683000000  112120.0 0.683000000      2.19 0.683000000  1286.60 0.683000000  1004092 0.683000000  1.92 0.683000000  1481.4 0.683000000  568473 0.683000000  1.90 0.683000000  1079.5 0.683000000   550590 0.683000000  1.43 0.683000000  1304.4 0.683000000  82653.0 0.683000000       1.35 0.683000000  1395.70 0.683000000  339665 0.683000000  1.63 0.683000000  1193.4 0.683000000  4235487 0.683000000  4.29 0.683000000  1622.7 0.683000000
59.898021 59.911910   86256 0.000000000  1.82 0.000000000  1384.4 0.000000000  109727.0 0.000000000      2.25 0.000000000  1286.60 0.000000000   770251 0.000000000  1.88 0.000000000  1481.4 0.000000000  582334 0.000000000  1.87 0.000000000  1079.5 0.000000000   550612 0.000000000  1.43 0.000000000  1304.4 0.000000000  23525.0 0.000000000       1.31 0.000000000  1395.70 0.000000000  399914 0.000000000  1.62 0.000000000  1193.4 0.000000000   276065 0.000000000  4.50 0.000000000  1623.7 0.000000000
59.940382 59.954271   85418 0.000000000  1.83 0.000000000  1384.4 0.000000000  109537.0 0.000000000      2.19 0.000000000  1286.60 0.000000000   758331 0.000000000  1.93 0.000000000  1481.4 0.000000000  585432 0.000000000  1.91 0.000000000  1079.5 0.000000000   553562 0.000000000  1.44 0.000000000  1304.3 0.000000000  23885.0 0.000000000       1.33 0.000000000  1395.60 0.000000000  400398 0.000000000  1.63 0.000000000  1193.4 0.000000000   225565 0.000000000  4.50 0.000000000  1623.6 0.000000000
59.982743 59.996632  233784 0.683000000  1.80 0.683000000  1384.4 0.683000000  112419.0 0.683000000      2.19 0.683000000  1286.60 0.683000000   997394 0.683000000  1.90 0.683000000  1481.4 0.683000000  570376 0.683000000  1.91 0.683000000  1079.5 0.683000000   558229 0.683000000  1.43 0.683000000  1304.4 0.683000000  83135.0 0.683000000       1.30 0.683000000  1395.70 0.683000000  341888 0.683000000  1.59 0.683000000  1193.4 0.683000000  4248672 0.683000000  4.05 0.683000000  1622.7 0.683000000
60.062604 60.076493  104592 0.000000000  1.83 0.000000000  1384.5 0.000000000  130766.0 0.000000000      2.14 0.000000000  1286.60 0.000000000   885097 0.000000000  1.90 0.000000000  1481.4 0.000000000  630913 0.000000000  1.90 0.000000000  1079.5 0.000000000   651594 0.000000000  1.42 0.000000000  1304.4 0.000000000  28825.0 0.000000000       1.38 0.000000000  1395.70 0.000000000  457939 0.000000000  1.67 0.000000000  1193.4 0.000000000   349059 0.000000000  4.35 0.000000000  1623.5 0.000000000
